155 2 0 1
1 65 4.6590163757273 0
2 65.0457770930282 4.64547073766181 0
3 65.2516765831822 4.57758710339834 0
4 65.4158906602915 4.51487376307718 0
5 65.5023957009384 4.48593411477285 0
6 65.7215111523899 4.39440846319853 0
7 65.751917732648 4.38320056345586 0
8 65.7880395298294 4.3678790465705 0
9 65.8733649295884 4.32776179070515 0
10 66 4.26806799452531 0
11 66.1501597865113 4.19287947089339 0
12 66.2323895395585 4.14816614051158 0
13 66.5040008947691 3.98517732153429 0
14 66.7524389156958 3.8200834921624 0
15 66.8339572589787 3.76016291463663 0
16 66.9765517285321 3.64671168089488 0
17 66.9224804331263 3.47243068054996 0
18 66.9099351367688 3.43861084393436 0
19 66.8952169148271 3.39253378961132 0
20 66.8883385895944 3.33553947502841 0
21 66.8694075785751 3.25827611650069 0
22 66.8370749530498 3.13799426321794 0
23 66.8236478216618 3.08504915037743 0
24 66.8143052275864 3.04591395919108 0
25 66.7820672646271 2.93007050141525 0
26 66.735779261324 2.56639463367904 0
27 66.7166697110434 2.47126099294941 0
28 66.7012260677461 2.3903765122537 0
29 66.7365356073407 2.36561720458906 0
30 66.7768354192161 2.34195869764045 0
31 67 2.19872230077127 0
32 67.1465716809782 2.11911858565015 0
33 67.2999463885034 2.02530426757544 0
34 67.4974744435713 1.93190074581174 0
35 67.5025181467971 1.92958446282715 0
36 67.8087142004182 1.79839592837428 0
37 67.9040586108348 1.76155703478857 0
38 68 1.72217692048996 0
39 68.0427895214185 1.70517266435849 0
40 68.0679587893108 1.69558389004809 0
41 68.2229256127885 1.62967486011067 0
42 68.4978747173042 1.51897829150791 0
43 68.9892864454759 1.39334441068253 0
44 69 1.39038275200267 0
45 69.360157985399 1.27992566348912 0
46 69.7032012939453 1.18510521099456 0
47 69.8284848777134 1.1485323538739 0
48 70 1.09582241888094 0
49 70.0826713213855 1.07146947033974 0
50 70.2051689358844 1.0300733102768 0
51 70.2857063734692 0.992030036657128 0
52 70.3412230854971 0.984861173114341 0
53 70.3861352797095 0.976128214254285 0
54 70.5699996948242 0.923048618728347 0
55 70.7078755725203 0.87991900391162 0
56 70.7705018981146 0.859094494470527 0
57 70.8172028315962 0.842879425043503 0
58 71 0.772168104916405 0
59 71.0956579989857 0.718958084995885 0
60 71.2322271136152 0.630965905991954 0
61 71.3626818881537 0.516011431803872 0
62 71.4339847241192 0.453023945510894 0
63 71.4628903643635 0.414127293437394 0
64 71.5259578694196 0.302776452186306 0
65 71.6465053742033 0.078104305042315 0
66 71.6794089979317 0 0
67 68.2128868967597 4.36671831771627E-17 0
68 65.955242568835 7.17844890515335E-17 0
69 63.2397270202637 1.26712403735944E-16 0
70 59.3366414711694 1.38183405281205E-16 0
71 53.8424110412598 1.54330713598886E-16 0
72 53.0634119489722 1.56620158623595E-16 0
73 51.4991666271218 1.61217408742356E-16 0
74 46.7901809379269 1.7505691469027E-16 0
75 44.4450912475586 1.81949032199294E-16 0
76 40.5169509913444 1.93493667079976E-16 0
77 35.0477752685547 2.09567338766728E-16 0
78 34.2437214623578 2.11930418242386E-16 0
79 32.6291657878884 2.16675527770182E-16 0
80 27.6335936671491 2.27978691419625E-16 0
81 26.663887059629 2.42214215065143E-16 0
82 25.2270350535597 2.63307547474666E-16 0
83 22.8783680556616 2.97786531141527E-16 0
84 18.3001438309394 3.35870016280276E-16 0
85 14.7468466684148 4.01524778053319E-16 0
86 11.7348906274137 3.83343001707042E-16 0
87 8.71532458212061 2.64348422105282E-16 0
88 6.85581922531128 2.92422283072045E-16 0
89 0.133333914406321 2.87432991399503E-16 0
90 -1.61591419679577 2.77501256871781E-16 0
91 -1.61642983165076 0.00748802706460036 0
92 -1.61864732762467 0.0416945955180121 0
93 -1.74633716977829 2.18058497916402 0
94 -1.74975212849985 2.25099993066824 0
95 -1.75025896782014 2.26464376747974 0
96 -1.75065965685988 2.27689389769489 0
97 -1.75098596468862 2.28822580219266 0
98 -1.75125919931414 2.29896216920965 0
99 -1.75149523288679 2.30933283819106 0
100 -1.75231068548152 2.34631471879508 0
101 -1.75281237893325 2.36673112917939 0
102 -1.75347880518317 2.39376183614478 0
103 -1.75441235542538 2.43191191572943 0
104 -1.75548356446043 2.47595947508284 0
105 -1.08642349191167 2.51777572961714 0
106 2.2465991973877 2.72608964769835 0
107 2.79164861776275 2.76015523647179 0
108 6.29773283004761 2.97928549973959 0
109 7.82916161436262 3.07499979875928 0
110 10.3488664627075 3.23248135178084 0
111 12.0433954216944 3.33838941171752 0
112 13.2610678568206 3.41449393891291 0
113 14.3999996185303 3.48567717401976 0
114 14.3999996185303 3.34481534911226 0
115 14.3999996185303 2.67317705481047 0
116 14.3999996185303 2.63960673647278 0
117 14.3999996185303 2.58617973327637 0
118 14.3999996185303 2.14063225147931 0
119 14.3999996185303 1.86067693560118 0
120 14.3999996185303 1.64165777028706 0
121 14.3999996185303 1.29308986663818 0
122 14.3999996185303 1.09058978515076 0
123 14.3999996185303 0.583877918052599 0
124 14.3999996185303 0.235677293229049 0
125 17.0616620469448 0.40203119500496 0
126 21.3220582740397 0.668305959198388 0
127 21.7267344098159 0.693598217684402 0
128 22.5161477519998 0.742936551570892 0
129 28.6742858886719 1.1278201851129 0
130 34.403132577134 1.48587310314178 0
131 35.8114280700684 1.57389157145018 0
132 37.9275417897148 1.70614867892808 0
133 42.9485702514648 2.01996295778746 0
134 46.290116448594 2.22880959510803 0
135 50.0857124328613 2.46603434412474 0
136 55.7890043166182 2.82249008685955 0
137 57.2228584289551 2.9121059688806 0
138 57.4844036585425 2.92845254572982 0
139 57.8041096878083 2.94843417255893 0
140 61.1056483066717 3.15478033623789 0
141 64.3600006103516 3.35817735521788 0
142 64.3600006103516 3.45291452458999 0
143 64.3600006103516 3.62975845331043 0
144 64.3600006103516 4.01143514785192 0
145 64.3600006103516 4.0587936830878 0
146 64.3600006103516 4.11961130434142 0
147 64.3600006103516 4.20046695749227 0
148 64.3600006103516 4.41733867031508 0
149 64.3600006103516 4.61356965672193 0
150 64.3600006103516 4.82735185936806 0
151 64.5816752787169 4.77563982027843 0
152 64.6503768230168 4.7584471607331 0
153 64.6805949372833 4.74957821246582 0
154 64.7169228966576 4.73843457205015 0
155 64.8860035437237 4.69011026524668 0
