102 2 0 1
1 68.2556575323175 3.41548494319626 0
2 68.4422045787461 3.20671370697991 0
3 68.4669313023998 3.17781573166911 0
4 68.6937448214348 2.84462640412618 0
5 68.805245507557 2.70403761056481 0
6 68.8524597521438 2.62926454897383 0
7 68.9330375115978 2.48739148053888 0
8 68.8970904164729 2.34156784948839 0
9 68.8828992172719 2.29500754145872 0
10 68.8435921842076 2.15395030727499 0
11 68.8221491695376 2.05041639249642 0
12 68.80589466681 1.97944493353035 0
13 68.799364139032 1.94755482756709 0
14 68.78292886907 1.88270020777054 0
15 68.7450314662279 1.75886476412512 0
16 68.7193108797126 1.62939362079703 0
17 68.6975124313954 1.50734992034849 0
18 68.6609886673046 1.3294497589603 0
19 68.6517784729997 1.27269769889691 0
20 69 1.13800273861453 0
21 69.4912832127981 1.00049632366204 0
22 69.5715906832925 0.981744810155899 0
23 69.7032012939453 0.959089492137233 0
24 69.7877070742285 0.931632155302165 0
25 69.8518968105702 0.900846898076889 0
26 69.8960285527171 0.901020089003633 0
27 69.9318699453829 0.898628258290041 0
28 70 0.882258199768383 0
29 70.2477939116917 0.819563636335456 0
30 70.2777338293439 0.810761871663961 0
31 70.2820655572516 0.808800238470199 0
32 70.2881866300455 0.805908842193797 0
33 70.2966039409565 0.804821916273396 0
34 70.3094072098552 0.801729938806309 0
35 70.5699996948242 0.71907762593125 0
36 70.6661716907899 0.681848321686445 0
37 70.718846315373 0.650656753404341 0
38 70.8862992904031 0.593479315861083 0
39 71 0.553630580848605 0
40 71.0273101928813 0.539935625241416 0
41 71.1577280872923 0.460019300514258 0
42 71.3134092724751 0.363745410697774 0
43 71.3280008295415 0.353948074905619 0
44 71.3381819911967 0.345927044398464 0
45 71.3959082005605 0.291021272130411 0
46 71.5810580509171 0.0825174832685865 0
47 71.6316757902539 0 0
48 68.5929588532656 5.76999215655143E-17 0
49 63.2397270202637 1.86977508725495E-16 0
50 59.8803905187986 1.96850453890681E-16 0
51 53.8424110412598 2.14595815292929E-16 0
52 53.6071611439487 2.1528720460009E-16 0
53 53.1347747766501 2.16675527770182E-16 0
54 46.0350726813732 1.8974547068957E-16 0
55 44.4177150091732 2.0120677392245E-16 0
56 41.8460798718727 2.19430521681055E-16 0
57 38.0234810819749 2.20363422824961E-16 0
58 34.4850832949099 2.58872999798377E-16 0
59 33.46066693969 2.61190881600172E-16 0
60 31.1347719156271 2.95335573773321E-16 0
61 34.8274251115669 0.230790824746236 0
62 37.4762391688102 0.396341703323942 0
63 42.9171735214158 0.73640010036179 0
64 42.9564165248058 0.73885278807367 0
65 43.0217567407614 0.742936551570892 0
66 50.0857124328613 1.18443378232714 0
67 54.9087415658957 1.48587310314178 0
68 57.2228584289551 1.630505407083 0
69 62.0503881154874 1.93222601249127 0
70 63.1047118224751 1.998121244178 0
71 64.3600006103516 2.07657679342028 0
72 64.3600006103516 2.29593053660506 0
73 64.3600006103516 2.564989697288 0
74 64.3600006103516 2.71702857276022 0
75 64.3600006103516 2.88907631658312 0
76 64.3600006103516 3.65252237730112 0
77 64.3600006103516 3.70157643579241 0
78 64.3600006103516 3.72753810882568 0
79 64.3600006103516 4.25927556278575 0
80 64.3600006103516 4.41092800883176 0
81 64.3600006103516 4.77840974052047 0
82 64.3600006103516 4.8904970145059 0
83 64.3600006103516 4.9699429961691 0
84 64.4417451237763 4.95923819921119 0
85 64.6804351806641 4.92803341340112 0
86 64.9900682815306 4.88149523096693 0
87 65 4.88000011444092 0
88 65.0108517952079 4.87806991601734 0
89 65.0519904806032 4.86982589090368 0
90 65.8087364690391 4.72520262731757 0
91 65.8934122322806 4.70809426130768 0
92 66 4.68430614471436 0
93 66.3598793486361 4.59362285726067 0
94 66.5740104331396 4.536648887638 0
95 66.774962046913 4.4775115255775 0
96 66.8669217939207 4.43333807271188 0
97 67 4.3675878258501 0
98 67.158337335348 4.26624215104536 0
99 67.5045386620984 4.06067250102708 0
100 67.8500491772526 3.79470459043301 0
101 68 3.66862472012486 0
102 68.0804728573302 3.59453567036898 0
